Lux         =   299792458;
mu0         =   1.25663706212e-6;
nu0         =   1.0/mu0;
eps0        =   1.0/Lux/Lux*nu0;
eps1        =   10.0 * eps0;
pi          =   3.1415926535897932;
Freq        =   13.56e6;
Omega       =   2.0*pi*Freq;
Phase       =   0.0 * 180.0/pi;
N_periods   =   1.0;
SpaceSteps  =   200;
Lambda      =   Lux/Freq;
a           =   0.0;
b           =   Lambda * N_periods;
par1        =   Lambda / SpaceSteps;
Period      =   1./Freq;
dt          =   par1 / Lux;
TimeSteps   =   Period/dt;
t0          =   0.0;
t1          =   Period * N_periods * 2.0;
